20	10	1	
15	5	4	9	6	18	7	18	8	18	10	12	2	2	15	10	6	4	2	6	4	12	9	9	10	9	1	2	9	3	6	9	7	6	8	6	2	6	12	10	12	4	1	15	2	6	5	6	6	6	3	1	18	3	6	7	9	4	1	15	5	12	6	18	10	9	3	6	18	8	6	10	18	2	1	9	7	12	3	1	15	4	18	6	12	5	1	6	3	9	6	12	7	15	8	12	3	1	12	3	9	9	12	2	5	15	6	12	
20	3	3	15	5	18	9	15	3	2	9	3	18	8	9	6	1	18	2	15	3	15	5	6	6	15	9	12	2	1	15	10	9	6	1	18	2	6	5	15	6	12	8	12	10	12	4	3	15	4	15	7	18	8	6	6	2	12	4	18	5	9	6	18	7	12	10	9	3	2	6	6	12	10	12	2	2	15	10	6	1	2	15	6	1	12	4	12	5	18	7	6	8	9	10	15	2	1	6	7	15	3	2	15	6	6	7	18	2	2	18	7	12	1	2	15	2	4	9	5	6	3	3	18	6	15	8	6	7	1	18	2	15	3	12	4	6	7	9	8	15	9	15	2	2	18	3	12	5	2	12	4	6	5	18	7	6	10	6	
23	5	3	12	5	9	6	15	8	12	10	15	2	2	6	10	9	2	2	18	5	18	2	5	15	10	6	3	5	6	6	9	7	15	1	7	15	2	3	6	7	12	2	1	15	6	6	2	2	12	8	15	4	2	12	3	9	7	6	9	6	3	2	6	3	6	9	15	4	2	15	8	6	9	15	10	18	3	1	6	4	6	7	9	2	9	6	10	15	2	2	18	8	9	4	1	12	6	18	9	18	10	18	3	5	9	6	18	9	18	5	3	15	4	9	5	15	6	6	10	9	4	1	6	3	6	6	9	10	9	3	4	9	5	18	8	9	4	2	9	5	15	7	12	10	9	1	2	12	1	1	15	
18	4	3	6	5	18	8	15	9	6	3	5	6	6	6	9	18	5	1	15	6	9	8	9	9	15	10	9	3	4	15	6	15	10	18	6	1	9	2	12	3	9	5	15	9	9	10	9	2	2	12	8	6	3	3	18	6	18	10	18	2	5	9	6	9	5	2	18	3	18	4	6	6	18	10	18	5	1	15	3	18	5	12	8	15	10	15	2	6	18	10	18	4	2	18	3	18	4	18	5	9	1	4	15	3	2	9	4	12	6	6	3	1	15	9	15	10	12	4	3	6	5	6	8	12	9	9	2	1	18	3	15	2	2	18	8	15	
21	3	1	9	2	18	6	12	4	1	12	2	18	3	12	8	18	3	3	6	4	12	9	12	4	2	9	3	18	6	12	8	9	5	1	9	2	6	6	12	7	18	9	6	3	6	15	7	9	9	6	1	7	12	2	1	18	4	15	3	3	18	6	12	9	18	4	1	6	2	12	6	18	10	18	2	1	9	7	9	3	2	12	3	9	6	9	2	7	9	8	6	1	1	12	3	4	12	6	18	8	12	5	2	6	3	12	7	12	8	9	9	12	3	1	6	6	15	7	9	2	6	6	10	9	6	1	12	2	9	4	12	5	12	7	6	10	6	4	1	6	5	15	8	18	10	18	3	2	9	5	6	10	18	
15	2	2	9	10	15	5	1	9	2	6	3	6	6	12	8	9	1	1	9	1	9	18	2	3	6	10	12	1	5	12	3	2	12	6	9	9	9	1	2	9	1	9	9	1	2	9	5	3	15	4	12	5	6	6	15	8	15	5	1	12	4	15	7	18	8	6	9	15	1	1	12	1	1	6	4	4	15	5	9	8	18	10	18	
17	1	10	12	3	7	15	8	18	9	9	2	5	15	7	9	2	3	15	4	15	2	2	6	5	12	4	3	12	5	12	7	9	9	15	5	6	6	7	15	8	12	9	12	10	18	3	1	15	3	6	10	15	2	1	15	5	6	2	4	18	8	15	3	8	9	9	9	10	18	2	3	15	8	9	2	3	18	8	12	2	9	6	10	15	4	1	6	3	18	7	9	10	15	2	1	15	2	15	2	1	6	9	18	
25	2	1	15	8	9	5	2	6	5	12	7	18	8	18	10	15	3	1	18	2	15	5	15	3	1	9	3	12	6	6	2	7	9	8	15	1	10	6	3	2	12	3	18	4	18	4	1	9	3	6	4	6	7	18	4	2	15	4	12	5	12	7	18	3	1	18	4	6	7	6	3	1	9	2	12	5	9	1	6	15	5	1	18	3	6	4	18	9	18	10	6	4	1	18	3	12	5	18	7	6	5	4	15	5	15	7	15	8	6	9	18	1	10	9	3	1	6	3	6	7	15	3	3	9	7	18	8	18	2	4	9	8	6	3	1	15	8	12	10	6	2	5	18	8	9	2	1	12	4	6	3	5	6	9	15	10	12	1	9	6	4	1	15	2	9	4	9	9	9	
23	1	3	18	4	4	18	6	12	7	12	10	12	1	4	6	2	3	15	4	12	2	1	15	7	9	1	3	9	4	4	15	6	18	7	12	8	6	4	2	15	7	12	8	12	10	6	3	2	12	3	15	7	15	1	9	18	3	2	12	5	9	7	15	2	2	6	5	9	2	3	18	9	12	3	3	9	7	12	8	12	2	2	9	6	15	5	1	9	3	15	6	9	7	15	10	18	2	1	12	8	15	4	1	9	6	9	7	15	10	12	2	2	12	9	9	1	4	6	4	1	12	5	9	7	15	9	6	3	5	15	6	6	7	12	2	1	9	9	9	
19	3	4	18	7	12	10	12	3	1	9	3	18	7	15	4	2	15	3	6	5	6	6	12	6	2	18	3	12	4	15	5	6	6	6	9	18	4	1	15	2	18	4	12	6	12	3	3	18	7	9	8	6	6	1	12	4	15	5	6	7	18	8	6	9	12	4	4	6	6	18	7	12	8	9	3	2	9	9	12	10	12	1	3	18	1	5	9	4	4	18	7	12	8	12	10	15	3	1	6	8	18	10	15	4	1	6	2	15	8	18	9	12	3	7	12	8	9	9	18	2	5	15	9	9	2	4	6	10	12	6	3	18	4	9	5	6	6	9	8	18	10	6	5	1	18	3	12	5	12	7	15	9	9	
19	2	2	9	4	15	6	3	18	4	9	5	9	7	12	8	6	9	15	4	2	9	4	18	6	15	8	12	4	2	15	3	6	5	6	9	6	5	2	12	4	12	5	6	7	6	9	6	2	1	9	4	9	3	1	12	2	18	8	9	4	1	6	2	15	6	18	10	12	4	1	6	4	15	5	9	10	9	1	10	6	3	4	6	5	12	10	18	5	2	9	3	18	4	18	8	18	9	12	3	2	6	4	18	10	6	2	4	15	6	9	5	2	18	3	12	6	9	7	15	8	18	3	2	15	3	15	5	12	4	1	6	2	15	3	6	4	18	5	2	12	6	15	8	15	9	12	10	12	2	3	12	6	9	
21	2	4	6	7	15	2	6	15	8	12	2	3	15	5	6	1	4	18	4	1	12	2	18	6	18	9	15	4	1	15	3	12	4	18	7	15	1	10	15	2	3	6	6	12	3	1	18	3	9	9	9	4	2	18	3	18	7	15	10	12	1	2	9	1	2	18	6	1	6	4	6	6	18	7	15	8	9	9	18	4	1	18	3	6	8	6	10	12	4	2	18	3	12	8	12	9	18	2	1	6	6	9	2	3	9	5	6	3	2	6	4	12	9	9	3	3	9	7	6	10	6	2	2	9	10	12	2	3	15	8	9	
16	3	3	18	5	18	9	9	4	2	15	4	18	5	18	6	12	1	8	6	1	6	6	1	1	9	3	1	6	4	12	7	6	3	1	15	3	15	7	12	3	1	12	4	12	9	9	3	3	15	6	6	7	6	5	1	9	2	9	3	6	5	6	10	9	2	4	18	7	15	3	5	12	9	15	10	6	5	5	9	6	9	7	15	8	12	9	18	4	1	18	5	15	7	12	10	6	2	1	6	10	6	3	4	18	5	9	9	6	
16	2	6	6	9	9	2	2	15	9	18	3	1	15	5	15	8	9	4	2	12	4	15	7	18	10	15	2	1	12	3	6	2	1	18	3	9	3	1	6	5	15	10	6	2	5	9	9	9	4	3	9	4	12	5	15	10	18	2	6	12	9	18	5	1	15	3	12	4	9	5	15	8	15	1	2	18	4	1	15	2	9	3	18	7	12	3	5	15	6	12	8	18	3	1	15	2	12	7	15	4	4	6	5	6	6	15	10	15	
25	3	7	18	8	9	9	12	5	2	15	4	6	6	15	7	18	10	12	1	4	9	4	1	18	2	9	3	6	6	12	2	3	6	8	15	2	3	18	4	9	4	7	9	8	9	9	12	10	9	2	4	9	8	6	3	2	12	3	15	6	6	2	4	9	10	9	2	2	18	9	12	4	1	18	4	9	5	18	9	18	4	1	18	2	6	7	9	8	15	4	2	18	5	18	8	6	10	18	1	6	15	2	3	15	5	12	4	2	9	5	15	8	6	9	9	2	9	12	10	6	1	6	9	6	1	12	2	9	4	6	5	15	6	18	8	18	5	1	15	2	9	4	9	5	12	7	6	3	4	18	8	9	10	12	4	2	15	4	12	6	9	9	9	1	6	9	3	3	18	7	12	10	6	
17	4	1	6	4	9	6	9	7	12	3	3	12	6	18	10	9	2	2	12	4	12	3	2	6	3	6	5	18	3	2	18	3	15	8	12	3	1	6	4	15	8	9	4	1	12	2	18	4	18	6	12	2	2	6	7	12	5	1	15	4	9	5	6	8	12	9	6	1	3	18	4	3	9	4	15	7	9	10	15	2	7	12	9	15	4	1	12	2	15	4	12	5	12	4	1	12	2	6	6	6	8	12	6	2	15	3	6	5	9	6	18	7	12	9	18	3	1	12	5	6	6	12	1	4	15	
21	3	4	12	5	9	8	9	3	4	12	9	12	10	18	3	2	6	4	15	9	15	4	4	15	5	6	7	9	9	18	3	3	9	5	18	7	9	4	1	9	5	6	9	12	10	6	5	6	9	7	6	8	9	9	12	10	15	1	10	12	5	2	18	4	15	5	18	8	15	9	6	2	1	15	7	6	3	2	12	8	18	10	18	3	2	12	6	15	9	12	3	4	9	5	6	9	18	4	2	12	3	18	4	12	5	9	3	4	6	8	6	9	15	2	3	15	9	6	2	4	12	7	15	3	2	18	9	15	10	9	2	7	12	8	6	4	1	9	2	6	7	6	10	9	2	4	15	6	9	
17	3	2	12	8	9	10	12	2	1	18	8	6	2	1	9	6	9	2	2	9	8	18	4	1	9	2	9	6	6	9	9	1	7	9	3	1	9	2	9	9	9	4	1	9	6	18	7	15	9	15	4	1	9	3	6	4	9	8	18	3	3	12	6	9	7	12	3	3	15	6	15	8	15	2	5	15	9	12	3	2	9	6	18	9	18	6	1	15	3	15	4	15	5	12	7	12	9	9	5	2	18	3	12	4	12	8	6	10	9	3	2	12	7	9	8	15	4	5	18	6	18	7	18	9	15	
23	3	2	15	3	15	10	12	2	1	12	5	15	5	2	9	5	6	6	18	9	15	10	12	3	2	6	6	18	7	12	3	7	12	8	6	9	6	5	1	12	2	6	5	9	7	9	8	9	1	10	18	2	3	15	8	15	4	1	6	4	12	5	12	8	18	3	2	18	4	15	8	9	2	1	15	3	6	2	2	9	3	6	3	1	9	7	9	8	9	1	1	15	4	1	6	3	6	8	6	10	15	2	2	15	4	12	1	6	18	2	6	6	9	18	5	3	6	4	6	7	15	9	18	10	18	2	7	18	8	12	4	1	6	4	15	5	15	8	15	3	6	15	7	15	8	6	6	1	18	2	6	4	18	7	6	8	15	10	6	
16	4	2	6	3	9	7	12	10	6	1	4	9	2	2	15	7	9	3	2	9	3	6	10	18	3	1	15	9	15	10	15	6	1	18	3	18	6	9	7	15	8	9	10	9	5	2	9	4	18	5	12	7	12	9	12	4	2	18	3	15	8	12	10	9	3	1	6	5	6	7	6	2	3	15	5	6	1	5	18	3	3	6	4	9	10	6	5	2	18	3	6	6	15	7	9	10	6	2	4	9	10	15	2	3	9	9	6	4	1	6	2	12	9	18	10	6	
