15	4	1	
6	2	2	18	3	18	2	1	15	4	18	2	1	9	2	18	1	3	6	2	2	9	4	12	2	1	12	4	12	
5	1	3	12	2	1	9	2	6	1	4	18	2	2	15	4	9	2	1	6	2	9	
8	2	3	9	4	18	2	2	18	3	6	2	1	9	4	6	2	1	15	4	9	2	1	12	2	12	1	4	9	2	1	12	2	18	2	3	6	4	15	
7	2	1	12	4	18	2	3	12	4	12	2	1	6	4	18	1	4	15	2	1	12	2	18	2	2	18	4	6	1	4	9	
6	2	1	15	3	6	2	2	9	4	6	2	3	12	4	15	1	3	12	2	2	6	3	9	2	1	12	2	18	
9	1	4	6	2	2	15	4	15	1	3	15	2	1	12	3	6	2	2	9	4	18	1	4	18	2	1	6	2	12	2	1	9	4	15	2	1	15	4	9	
5	1	3	15	2	3	18	4	12	2	1	18	2	6	2	2	15	4	6	1	3	9	
8	2	1	12	3	15	1	3	9	2	3	9	4	15	2	1	6	4	18	1	3	9	1	4	6	2	3	15	4	18	2	1	9	2	15	
9	2	2	9	3	9	1	4	18	2	2	9	4	15	2	1	18	2	18	1	4	12	2	1	18	4	12	2	1	15	4	12	2	1	15	2	15	1	3	18	
9	2	1	15	2	9	2	1	6	4	6	2	1	15	4	6	2	3	6	4	9	2	1	6	2	6	1	3	15	1	3	15	1	4	6	2	2	18	4	6	
7	2	1	18	2	6	2	1	18	4	6	2	1	15	2	15	1	3	6	1	4	15	1	3	18	2	3	15	4	18	
6	1	4	15	1	3	18	2	3	18	4	18	2	1	12	2	15	1	3	15	2	1	9	4	6	
7	1	4	15	2	3	12	4	9	2	1	6	4	15	2	2	6	4	18	2	2	6	4	9	2	1	6	2	18	2	1	6	3	6	
7	2	1	18	2	9	2	1	6	3	6	2	1	9	4	18	2	1	6	2	9	2	1	18	4	9	2	2	18	4	12	1	4	12	
7	1	3	6	2	1	18	4	12	2	3	18	4	12	1	3	15	2	2	18	4	6	2	1	18	2	6	2	1	18	2	6	
