10	6	1	
6	2	1	6	3	6	3	2	15	3	12	5	12	2	3	12	6	6	3	1	12	2	9	6	18	1	3	12	3	3	18	4	6	6	9	
5	1	2	12	1	3	9	1	1	9	2	2	12	4	18	3	1	12	2	6	6	6	
5	1	2	12	2	3	15	6	12	3	1	18	2	18	6	15	3	2	18	3	18	6	9	2	1	9	5	6	
5	3	1	12	2	15	6	18	1	2	12	1	3	9	3	2	9	3	18	5	12	2	3	18	6	18	
6	3	2	12	3	6	5	18	3	1	9	2	6	6	9	1	2	18	2	1	15	3	9	2	2	18	4	15	3	2	15	3	15	6	15	
6	2	3	6	6	18	1	1	15	3	2	9	3	12	6	6	1	2	9	3	1	12	2	12	6	18	2	1	6	4	18	
5	1	6	9	2	1	18	4	6	3	2	15	3	9	6	12	3	1	12	2	15	5	6	1	3	12	
5	2	3	6	6	12	3	2	15	3	12	6	18	3	1	15	2	18	6	18	1	2	15	2	2	9	4	12	
6	1	6	12	2	1	18	5	6	3	3	18	4	9	6	15	1	1	18	3	2	9	3	18	6	9	2	2	15	4	15	
6	2	3	9	6	18	3	2	18	3	18	6	12	3	2	9	3	15	5	18	1	6	18	2	2	12	4	12	2	1	12	4	12	
