15	8	1	
15	2	2	9	4	15	6	1	12	2	18	3	18	5	6	6	9	7	6	2	2	9	3	6	4	1	15	2	18	4	15	7	9	4	2	9	4	18	5	6	8	9	5	1	9	4	12	5	9	6	6	8	18	2	2	6	5	9	3	1	12	2	9	8	18	6	1	12	2	6	3	18	5	9	7	12	8	12	5	1	18	2	15	4	15	6	6	8	12	7	1	12	2	15	3	6	4	12	5	15	7	6	8	9	2	3	12	4	15	2	4	6	7	18	6	1	6	2	9	3	9	4	9	5	15	7	15	4	3	9	6	12	7	18	8	6	
20	6	1	18	2	6	3	15	4	12	7	6	8	18	4	1	6	2	9	3	18	5	6	3	1	15	4	9	6	6	5	1	15	2	9	3	9	6	12	8	12	4	3	12	6	12	7	6	8	18	6	1	6	2	9	4	9	5	18	6	12	8	9	5	1	18	2	12	4	12	7	12	8	15	4	1	9	3	12	4	12	8	12	2	1	12	5	15	5	3	15	5	18	6	12	7	15	8	9	3	5	12	6	18	8	6	3	2	15	5	9	7	6	5	1	6	3	12	4	15	6	12	7	6	7	1	9	2	15	3	18	4	15	5	12	6	6	8	6	4	2	15	5	6	6	9	8	15	4	4	18	5	12	6	9	7	18	2	4	9	6	15	6	2	9	3	18	5	15	6	12	7	18	8	15	6	2	18	3	18	5	12	6	18	7	6	8	6	5	1	15	2	6	3	18	6	15	8	15	
23	3	4	12	6	18	8	12	5	1	15	2	12	3	12	6	6	7	12	5	1	15	2	15	3	18	6	18	7	9	5	1	12	2	15	3	6	6	12	7	12	5	1	9	2	18	3	6	4	12	7	18	2	1	6	5	9	3	1	12	3	6	4	9	4	2	18	3	6	4	12	5	12	3	5	12	6	18	7	9	6	1	18	2	12	4	15	5	18	7	12	8	12	2	2	6	6	18	4	3	18	5	6	7	15	8	18	3	4	18	5	15	8	12	6	2	15	3	6	5	12	6	15	7	9	8	12	1	7	9	5	1	6	2	15	3	9	4	15	5	6	4	1	6	2	6	4	12	7	6	6	1	9	3	18	4	6	5	9	6	9	7	9	7	1	12	2	18	3	12	4	9	5	9	7	12	8	12	1	8	6	6	1	6	2	12	3	15	4	6	5	18	6	9	5	1	15	4	6	6	18	7	15	8	15	6	1	12	2	9	3	9	4	18	5	9	8	9	
18	4	3	18	5	18	6	9	7	6	3	2	6	4	15	7	9	5	2	18	3	6	4	15	6	15	8	15	7	1	15	2	18	3	6	4	6	6	6	7	12	8	15	1	5	18	1	1	12	4	1	6	2	18	4	18	8	12	3	5	12	7	15	8	18	4	3	12	5	15	7	6	8	15	5	1	12	3	6	5	12	6	15	7	12	5	1	9	2	12	4	12	7	18	8	6	2	6	9	8	15	3	1	12	7	9	8	15	5	1	18	2	6	5	12	7	6	8	18	1	5	9	4	2	15	4	12	5	18	7	9	3	5	15	6	15	8	6	4	1	6	3	6	5	12	8	18	
21	5	1	18	3	12	5	15	6	12	7	6	6	1	15	2	15	3	9	6	12	7	9	8	18	5	1	6	3	9	5	6	6	12	8	12	4	3	9	6	6	7	15	8	9	4	2	6	3	6	4	18	7	9	3	3	12	6	6	8	6	2	3	9	5	18	2	1	9	6	6	2	6	15	7	18	4	2	6	4	18	7	12	8	15	3	2	12	6	12	7	18	3	2	6	4	15	6	12	5	1	9	3	15	4	12	5	9	6	18	4	1	15	3	9	7	15	8	15	5	1	18	2	18	4	15	6	9	8	6	2	1	6	3	18	4	1	9	4	18	6	6	7	18	4	1	6	3	15	4	9	5	9	5	1	18	2	9	3	9	4	12	7	12	5	1	6	2	6	3	18	5	15	6	18	5	1	9	2	15	4	15	6	18	8	18	
15	3	1	12	3	15	7	15	6	1	15	3	15	5	9	6	6	7	15	8	18	4	1	12	2	6	4	6	6	6	4	2	12	3	18	6	9	8	15	3	3	15	5	15	7	9	2	3	9	4	15	4	3	12	4	12	5	9	8	18	7	1	15	2	9	3	12	4	15	5	6	6	12	8	9	3	2	6	4	12	8	15	3	2	12	3	12	5	9	5	1	12	2	18	4	18	5	9	7	15	6	1	9	3	15	5	18	6	12	7	12	8	18	4	1	6	2	15	5	15	6	9	4	2	9	3	6	5	15	8	18	5	3	18	4	9	6	9	7	9	8	12	
17	4	1	12	3	18	4	12	5	12	4	1	6	2	15	4	12	7	9	5	1	9	3	15	4	6	5	6	6	6	5	3	15	5	9	6	15	7	6	8	9	5	1	6	3	18	6	6	7	6	8	12	5	1	6	2	9	4	12	6	6	7	15	6	2	12	3	6	4	18	5	12	7	9	8	6	5	2	9	4	18	5	9	6	18	8	18	4	1	12	2	15	5	15	7	18	6	1	18	2	18	4	12	5	6	7	15	8	6	1	4	6	5	1	15	2	12	3	18	4	12	7	15	3	4	9	7	12	8	18	4	1	9	4	6	6	18	8	18	2	4	15	5	15	4	1	6	2	12	3	6	5	15	2	2	15	3	6	
25	2	4	18	8	6	6	1	12	2	15	4	18	5	15	6	12	7	6	5	2	15	3	9	4	12	7	9	8	18	3	2	18	4	15	6	18	4	1	6	6	15	7	6	8	9	3	4	9	5	6	8	9	6	1	6	2	9	3	12	6	12	7	12	8	6	3	3	18	4	18	6	6	3	4	18	5	9	7	18	3	1	12	4	18	6	15	3	2	15	5	6	8	6	5	1	12	2	15	3	9	6	9	8	18	3	3	12	5	9	7	18	4	1	15	2	12	4	18	5	18	2	3	18	8	9	4	1	12	2	6	5	15	7	9	3	1	9	4	6	7	6	5	1	6	4	9	6	18	7	15	8	15	5	1	6	2	15	3	12	4	18	7	15	6	1	12	2	15	5	9	6	15	7	12	8	15	3	1	6	2	9	6	15	3	3	9	4	6	6	6	4	2	9	3	15	5	15	8	15	3	1	15	4	15	6	9	1	3	18	
23	3	2	9	5	12	8	12	7	1	12	2	18	4	12	5	6	6	12	7	18	8	18	4	2	6	6	15	7	15	8	18	2	1	18	2	6	2	1	15	4	6	5	2	12	3	12	4	18	6	12	8	18	5	2	15	3	12	6	6	7	12	8	18	7	1	18	2	9	3	9	4	6	5	9	6	18	8	12	3	2	6	7	18	8	9	1	4	12	2	3	9	5	9	2	1	9	2	6	6	1	12	3	18	4	9	5	18	7	15	8	6	2	3	6	5	15	3	2	6	5	9	7	6	5	3	12	4	15	5	12	6	9	8	9	6	1	6	2	18	3	9	4	18	6	15	7	18	6	2	18	3	9	4	6	5	15	6	18	7	6	5	2	18	4	18	5	9	7	12	8	12	4	1	9	2	12	3	15	8	12	3	1	12	2	18	7	9	5	1	15	5	9	6	15	7	15	8	12	6	2	18	3	9	4	18	5	9	6	6	7	15	
19	4	2	9	4	18	6	15	8	9	2	2	9	5	6	5	2	6	3	6	4	6	6	12	8	6	4	1	6	2	12	4	18	5	9	5	2	12	4	12	5	18	7	18	8	6	3	1	9	4	12	8	6	5	1	12	2	18	3	9	6	6	7	6	7	1	12	2	18	3	15	4	18	5	12	6	6	8	9	4	4	18	5	15	7	6	8	15	5	2	12	3	9	4	18	6	18	7	18	3	1	18	2	12	3	9	3	1	12	4	12	7	18	5	1	6	3	6	5	6	6	12	8	6	5	2	9	3	6	4	12	5	15	7	15	4	1	12	2	18	3	15	7	6	5	2	6	3	9	5	9	6	12	7	6	1	7	18	3	2	6	3	9	5	6	5	1	9	2	18	3	15	5	15	7	12	
19	4	1	12	3	9	4	12	5	18	2	2	18	6	12	3	1	15	6	12	8	18	3	1	15	2	12	7	18	4	1	9	2	9	5	12	8	15	4	2	18	5	9	7	15	8	6	3	3	18	7	9	8	9	4	1	15	5	15	6	6	7	18	5	1	12	3	18	4	12	5	18	6	9	3	3	6	4	18	7	12	4	1	18	2	6	3	6	6	9	6	2	9	3	6	4	9	5	18	6	6	8	12	1	4	12	4	1	6	5	6	6	6	7	9	4	1	15	2	15	5	15	8	18	2	1	6	3	12	4	1	6	2	15	3	15	6	6	5	3	12	4	18	6	18	7	12	8	18	2	4	18	5	9	
21	6	1	18	2	15	3	6	4	12	6	18	7	9	3	3	12	5	18	7	6	2	2	6	3	15	4	3	18	6	15	7	9	8	18	3	1	15	5	6	8	15	4	2	6	4	6	5	9	8	6	3	2	15	4	9	6	18	4	1	9	2	12	6	9	7	12	4	2	9	3	6	7	9	8	6	5	2	12	3	12	4	6	6	18	7	12	5	1	9	2	12	5	6	6	12	7	18	5	4	6	5	12	6	18	7	18	8	9	4	1	15	4	6	5	15	6	12	5	1	12	2	6	3	9	6	12	7	12	5	2	12	3	9	4	12	5	18	7	12	3	3	18	6	6	7	9	4	2	15	4	6	6	15	8	18	6	3	9	4	6	5	9	6	12	7	12	8	15	5	2	9	3	18	5	18	6	18	8	15	4	1	9	2	18	5	15	7	6	5	1	12	2	15	5	12	6	15	8	9	
16	3	1	6	4	6	6	6	5	1	9	2	12	4	18	5	15	8	15	5	3	15	4	15	5	9	6	18	7	18	4	2	18	4	12	5	9	7	15	3	1	15	3	6	8	18	4	1	18	4	15	5	9	8	15	6	1	15	3	18	4	12	6	6	7	9	8	12	6	3	15	4	12	5	15	6	18	7	15	8	18	2	1	6	5	18	4	3	12	4	9	5	12	8	15	2	6	12	7	6	2	4	15	5	12	4	1	9	3	18	5	6	8	6	3	1	12	3	18	4	6	5	3	6	5	9	6	9	7	9	8	12	4	4	6	5	15	6	12	7	9	
16	5	3	15	5	12	6	15	7	6	8	6	5	1	18	3	12	6	9	7	12	8	18	4	1	9	2	6	7	12	8	6	4	4	12	5	15	7	9	8	18	8	1	15	2	12	3	9	4	6	5	6	6	9	7	9	8	12	6	1	18	2	9	3	18	4	12	6	12	8	18	3	3	18	4	12	5	9	4	3	12	6	12	7	18	8	18	5	2	18	3	12	4	18	5	12	7	12	4	1	12	3	12	5	6	6	9	5	1	12	2	9	4	9	5	9	8	18	5	1	15	3	6	5	6	6	18	8	18	6	2	6	3	12	4	12	5	15	6	6	7	18	2	6	12	7	15	5	1	6	3	12	5	9	6	15	8	18	5	1	12	2	12	4	6	5	18	7	12	
25	5	1	18	2	9	3	6	5	12	6	15	3	2	6	3	18	4	9	3	3	9	4	6	5	12	5	1	9	2	18	3	18	5	15	7	12	5	1	12	2	12	3	12	7	12	8	15	4	3	6	4	9	5	6	7	18	4	1	9	3	6	5	18	7	6	3	1	15	7	18	8	6	4	2	12	3	15	4	15	5	12	3	1	18	2	18	4	15	6	1	18	2	15	3	6	4	6	5	12	6	6	2	5	6	7	15	7	1	12	3	12	4	15	5	9	6	9	7	15	8	6	2	3	12	7	9	5	2	15	3	12	4	9	6	15	8	6	3	5	9	7	12	8	15	5	1	9	4	18	6	9	7	6	8	12	1	1	15	4	1	6	2	9	6	18	8	9	6	1	9	2	12	3	15	5	18	6	15	8	12	4	2	6	4	6	5	6	8	18	4	1	15	4	12	5	15	7	9	5	1	18	3	12	5	12	6	6	8	18	4	2	6	3	6	5	15	8	6	2	2	6	8	6	
