10	5	1	
15	1	1	6	1	3	9	1	5	18	1	4	18	3	1	9	3	6	5	15	1	5	9	1	1	12	1	2	18	1	3	6	1	5	18	1	5	12	1	3	12	2	4	15	5	9	1	3	9	1	1	15	
20	2	1	15	3	15	1	2	12	1	1	15	1	1	6	1	2	18	1	3	6	1	5	9	1	4	18	1	5	15	1	3	6	1	4	18	2	2	18	4	6	1	2	12	1	5	9	1	5	15	2	1	9	2	15	1	4	15	1	1	6	2	2	12	5	9	1	2	6	
23	1	3	6	1	1	18	2	3	6	4	9	1	5	15	1	5	9	1	5	9	1	2	9	1	2	12	1	3	12	1	4	12	1	3	18	2	1	6	5	12	1	1	6	1	1	9	1	1	6	1	5	12	1	2	9	1	5	15	1	1	15	1	2	15	1	4	9	1	4	6	1	1	18	
18	2	3	15	4	6	1	3	9	1	2	15	1	1	12	1	1	6	1	3	9	1	3	12	1	2	12	1	1	12	1	3	15	1	4	12	1	3	15	1	2	18	1	1	18	1	4	9	1	2	9	1	5	9	2	1	15	2	9	
21	1	2	18	1	2	18	1	4	9	2	2	9	4	6	1	3	18	2	2	18	5	12	2	3	12	4	6	1	2	6	1	3	18	1	3	9	1	2	18	1	2	18	1	2	12	1	5	15	1	2	18	1	4	9	1	4	18	1	2	15	1	2	9	1	5	6	1	4	6	
15	1	4	12	2	2	12	5	9	2	2	15	5	12	2	3	18	5	12	1	5	9	1	5	15	1	2	18	1	3	9	1	3	12	1	1	18	1	1	15	1	3	6	1	4	6	1	1	12	1	5	12	
17	1	3	9	1	3	9	1	2	15	1	2	6	1	1	12	1	4	6	1	2	6	1	1	9	2	2	15	5	12	1	1	12	1	4	6	1	1	15	1	1	15	1	4	12	1	2	18	1	1	15	1	2	18	
25	1	3	15	1	2	6	1	4	18	1	4	15	1	2	9	1	5	18	2	2	18	5	9	2	2	15	5	12	1	2	9	1	2	6	1	5	6	1	2	6	1	1	12	1	1	18	1	2	12	1	4	6	2	1	15	2	15	1	4	12	1	4	12	1	1	6	1	5	6	1	2	18	1	5	12	1	3	15	1	4	12	
23	2	4	9	5	15	1	3	6	1	5	6	1	5	18	1	1	9	1	1	6	2	3	15	4	18	1	4	9	1	3	12	1	4	6	1	5	6	1	2	12	1	2	9	1	3	15	2	3	6	5	18	1	2	18	1	1	15	1	1	15	1	4	15	1	3	18	2	3	15	4	6	1	5	12	1	1	12	
19	1	4	12	1	2	9	1	1	15	1	5	9	1	3	12	1	5	9	1	2	18	1	1	12	1	3	12	1	2	6	1	3	12	1	2	6	1	1	6	1	4	6	1	1	9	1	4	6	1	5	15	1	3	6	1	4	18	
