20	10	1	
10	2	4	12	7	18	2	5	6	7	6	1	3	18	1	7	9	2	4	12	10	15	1	1	12	1	10	9	2	7	6	8	6	2	3	6	8	6	2	3	12	8	9	
12	1	2	9	2	4	18	7	18	2	3	18	8	6	1	1	18	1	10	9	2	3	6	4	18	1	7	15	1	5	12	2	5	6	9	9	1	1	18	2	7	12	8	9	1	1	15	
14	2	5	6	9	12	1	1	15	1	1	6	1	3	6	2	4	6	7	15	2	4	18	10	12	2	3	12	8	12	1	10	9	1	5	6	1	1	9	2	7	15	8	6	1	1	15	1	10	15	1	10	15	
10	1	10	9	2	5	15	7	9	1	7	18	1	1	12	1	10	9	2	3	6	7	15	2	5	18	10	12	2	3	12	8	15	1	9	18	1	5	15	
12	1	5	6	2	5	15	9	12	2	4	12	7	9	2	3	12	8	15	1	1	9	1	9	18	1	1	15	1	7	12	2	4	12	10	12	2	3	15	4	6	1	8	9	1	10	18	
10	2	3	6	7	9	1	3	15	1	5	12	1	10	9	2	3	18	8	6	2	4	15	7	9	2	8	18	10	9	2	4	18	10	9	1	10	18	1	1	9	
12	1	1	9	1	10	15	1	1	9	1	5	9	2	8	9	10	6	2	7	9	8	15	2	3	15	4	12	2	5	6	10	18	1	8	9	1	10	12	1	1	9	1	1	15	
11	1	1	12	1	7	15	1	1	6	2	3	9	4	12	2	5	9	9	6	2	4	6	7	6	1	3	18	1	1	9	2	4	6	10	9	1	5	18	1	10	9	
14	2	7	6	8	15	2	8	9	10	12	1	1	15	1	10	6	2	5	18	10	12	1	2	6	2	4	12	10	18	2	5	6	7	6	1	1	9	1	1	12	1	9	12	1	3	12	1	1	6	1	10	6	
11	1	10	15	2	5	15	10	12	1	8	15	2	3	9	8	6	1	1	9	1	1	9	2	5	9	9	6	2	3	12	4	9	1	10	9	1	3	15	1	1	12	
11	2	5	12	9	6	1	1	6	1	8	9	2	3	15	4	18	2	7	15	8	6	2	3	6	8	18	2	3	18	8	18	2	8	9	10	18	1	10	9	1	9	15	1	3	18	
10	1	10	12	2	3	12	8	12	2	5	9	7	18	1	1	12	1	7	9	2	4	15	7	9	2	4	6	10	9	1	1	12	1	8	6	2	5	12	9	6	
11	2	5	15	10	15	1	10	15	2	7	6	8	6	2	3	18	4	9	1	1	18	1	8	15	2	8	6	10	18	2	3	15	8	12	1	10	6	2	5	18	9	18	1	2	15	
11	1	1	9	2	5	15	7	18	1	1	6	1	9	6	1	7	12	2	3	6	7	9	2	8	9	10	12	1	1	12	2	3	15	8	12	2	5	18	9	12	1	2	15	
11	2	5	6	9	9	2	5	15	7	15	1	7	18	1	10	6	2	7	18	8	15	2	3	9	4	18	2	4	9	7	6	1	1	12	2	3	15	8	9	1	1	9	1	8	12	
11	1	2	18	2	7	18	8	15	1	10	9	1	9	12	1	8	9	2	5	15	10	18	2	5	12	9	12	1	1	6	1	1	18	2	3	15	7	6	2	8	9	10	15	
13	1	10	6	2	5	9	9	18	1	5	15	1	10	12	1	1	6	2	3	12	8	15	1	2	12	2	5	18	10	6	1	1	9	2	8	6	10	18	2	3	18	7	18	1	1	9	1	7	15	
11	2	3	15	7	15	1	2	6	1	10	18	1	3	18	1	8	9	1	1	6	1	5	15	1	7	18	2	4	15	7	9	1	1	18	2	5	12	9	9	
10	2	7	9	8	6	1	2	9	2	3	15	8	15	1	9	6	2	4	6	10	18	1	10	18	2	4	18	7	9	2	8	15	10	18	2	3	15	8	9	1	10	12	
10	1	10	18	1	10	15	1	7	9	1	9	18	2	3	9	7	9	1	2	12	2	8	15	10	6	2	3	6	8	12	1	5	18	1	1	6	
