15	8	1	
15	1	4	15	1	8	6	1	1	9	1	4	6	1	7	6	2	1	12	3	18	1	8	9	3	4	12	5	9	6	9	1	8	15	1	6	15	1	1	18	1	5	6	3	2	18	5	15	6	6	1	4	18	1	1	9	
20	1	6	18	1	6	9	1	3	9	3	3	15	7	18	8	15	1	3	18	1	1	18	1	7	12	1	8	12	1	5	18	1	7	9	1	4	15	3	3	15	6	12	7	9	1	3	12	1	2	12	1	1	9	1	6	18	1	7	9	1	6	9	1	7	9	1	3	18	
23	1	1	18	2	1	15	4	18	3	4	12	5	12	6	15	1	5	6	1	5	9	2	3	12	5	6	1	6	15	4	1	12	4	6	5	6	8	6	1	6	6	1	8	9	1	5	12	1	2	9	1	3	6	1	4	18	1	5	12	1	2	18	2	2	9	6	9	1	7	12	3	2	12	4	12	7	18	2	2	9	4	18	1	1	9	1	7	6	1	3	15	
18	1	7	6	1	6	15	1	7	15	1	5	6	1	4	18	1	2	18	1	2	12	1	6	6	1	6	6	2	4	6	7	12	1	5	12	1	1	18	1	1	18	2	1	9	4	18	1	5	12	1	6	12	1	2	6	1	7	18	
21	1	5	6	2	5	9	8	6	3	2	18	5	15	7	12	1	5	12	1	5	15	1	8	6	1	5	9	1	6	9	2	1	18	2	6	1	7	12	1	8	15	1	5	9	1	5	18	1	6	18	3	4	15	5	9	8	18	1	7	18	1	6	9	1	4	18	2	2	6	3	6	1	7	6	1	5	6	
15	1	4	12	1	4	18	2	5	9	7	9	1	1	12	2	2	6	8	15	2	4	18	8	18	2	5	18	6	18	1	4	18	1	2	12	1	8	9	1	3	9	1	3	6	1	6	9	1	7	12	1	6	15	
17	1	5	15	1	3	6	1	2	15	1	6	6	1	6	9	1	4	18	1	4	18	1	5	9	1	3	12	1	1	6	1	6	15	1	5	18	2	7	9	8	9	1	4	9	1	5	18	1	4	9	2	5	12	6	9	
25	1	5	15	1	7	18	1	8	12	1	4	9	1	1	9	1	5	9	1	4	15	1	4	6	1	8	9	1	8	9	1	4	12	1	8	6	1	5	15	1	3	9	1	8	18	1	1	18	1	5	12	1	1	18	1	2	9	1	7	9	1	7	15	1	3	18	3	1	15	3	6	7	15	3	6	12	7	15	8	18	3	1	6	2	6	5	12	
23	1	4	9	1	1	12	1	5	18	1	2	15	1	8	12	1	6	9	1	8	9	1	7	9	2	5	18	7	18	1	8	12	1	4	6	2	1	12	8	15	1	7	6	1	1	15	2	6	12	8	6	1	3	12	1	7	6	1	6	12	1	4	15	1	6	9	2	1	9	6	6	1	7	12	1	1	9	
19	1	4	18	1	3	6	3	4	12	6	6	7	15	2	5	6	6	18	1	5	9	3	3	12	6	18	7	9	1	7	12	1	4	18	1	1	6	1	1	12	2	3	18	6	15	1	5	12	1	2	15	1	3	18	1	6	6	1	2	18	2	4	9	7	12	1	6	6	1	3	15	
19	1	8	15	1	6	9	1	4	12	1	4	15	2	2	18	8	6	1	6	12	2	2	18	6	12	1	4	6	1	4	15	1	8	18	1	7	15	1	1	6	1	6	9	1	5	12	1	7	12	1	3	6	1	4	15	1	6	12	1	3	18	
21	1	4	18	1	8	18	1	3	6	1	1	12	1	1	9	1	4	18	1	4	12	2	7	6	8	9	1	6	18	2	3	9	6	18	3	4	9	5	15	7	6	1	6	6	1	2	12	2	1	9	6	18	1	2	6	1	1	18	1	4	9	1	8	18	1	8	9	1	6	6	4	1	18	5	15	7	12	8	9	
16	1	1	18	1	2	6	1	1	9	1	2	15	1	1	9	1	6	12	2	2	9	4	15	3	1	6	3	15	5	6	1	4	15	1	3	12	1	4	12	1	1	6	1	3	15	1	1	12	1	7	9	1	3	6	
16	1	4	18	3	1	18	5	15	6	15	1	7	6	1	8	9	1	4	18	1	2	18	1	8	18	1	6	12	1	1	15	2	1	6	6	9	1	6	6	1	5	12	1	3	12	1	2	15	1	4	15	1	5	6	
25	1	4	6	1	7	12	1	5	12	1	2	9	1	6	9	1	3	15	1	2	12	1	7	15	1	5	6	2	2	12	6	9	2	1	6	3	12	1	8	12	1	2	15	1	2	15	2	6	6	8	9	1	2	6	1	3	12	1	7	6	1	5	9	1	1	12	1	6	9	1	3	18	1	2	12	1	3	15	1	7	12	
