15	8	1	
15	1	4	12	1	8	12	1	1	15	1	4	9	1	7	12	2	1	12	3	9	1	8	18	3	4	6	5	12	6	6	1	8	15	1	6	9	1	1	12	1	5	6	3	2	6	5	6	6	12	1	4	12	1	1	12	
20	1	6	6	1	6	9	1	3	6	3	3	6	7	6	8	12	1	3	12	1	1	12	1	7	9	1	8	15	1	5	15	1	7	12	1	4	18	3	3	9	6	12	7	6	1	3	15	1	2	18	1	1	6	1	6	12	1	7	18	1	6	12	1	7	12	1	3	15	
23	1	1	18	2	1	6	4	15	3	4	9	5	9	6	6	1	5	6	1	5	12	2	3	9	5	9	1	6	18	4	1	9	4	15	5	6	8	15	1	6	18	1	8	12	1	5	18	1	2	12	1	3	9	1	4	15	1	5	6	1	2	6	2	2	18	6	15	1	7	6	3	2	15	4	12	7	6	2	2	6	4	9	1	1	6	1	7	12	1	3	6	
18	1	7	15	1	6	6	1	7	6	1	5	18	1	4	12	1	2	6	1	2	15	1	6	9	1	6	9	2	4	9	7	6	1	5	6	1	1	6	1	1	18	2	1	12	4	15	1	5	9	1	6	9	1	2	12	1	7	18	
21	1	5	12	2	5	18	8	15	3	2	15	5	6	7	9	1	5	15	1	5	15	1	8	12	1	5	15	1	6	12	2	1	6	2	6	1	7	15	1	8	18	1	5	12	1	5	12	1	6	15	3	4	9	5	12	8	6	1	7	12	1	6	6	1	4	15	2	2	18	3	15	1	7	6	1	5	6	
15	1	4	9	1	4	18	2	5	18	7	12	1	1	12	2	2	12	8	18	2	4	15	8	9	2	5	6	6	18	1	4	12	1	2	12	1	8	15	1	3	6	1	3	18	1	6	15	1	7	18	1	6	6	
17	1	5	9	1	3	18	1	2	15	1	6	15	1	6	15	1	4	6	1	4	18	1	5	18	1	3	6	1	1	15	1	6	6	1	5	15	2	7	15	8	6	1	4	12	1	5	6	1	4	12	2	5	15	6	12	
25	1	5	9	1	7	9	1	8	9	1	4	12	1	1	9	1	5	6	1	4	6	1	4	6	1	8	6	1	8	15	1	4	9	1	8	18	1	5	6	1	3	12	1	8	12	1	1	12	1	5	12	1	1	18	1	2	6	1	7	15	1	7	18	1	3	15	3	1	12	3	12	7	9	3	6	18	7	15	8	15	3	1	18	2	9	5	15	
23	1	4	6	1	1	12	1	5	9	1	2	15	1	8	18	1	6	15	1	8	6	1	7	12	2	5	6	7	9	1	8	9	1	4	18	2	1	9	8	15	1	7	15	1	1	9	2	6	9	8	6	1	3	6	1	7	15	1	6	15	1	4	12	1	6	6	2	1	9	6	12	1	7	12	1	1	9	
19	1	4	18	1	3	9	3	4	12	6	15	7	18	2	5	18	6	12	1	5	6	3	3	6	6	12	7	9	1	7	12	1	4	6	1	1	18	1	1	12	2	3	12	6	6	1	5	18	1	2	12	1	3	15	1	6	12	1	2	12	2	4	15	7	6	1	6	15	1	3	6	
19	1	8	15	1	6	9	1	4	15	1	4	15	2	2	9	8	6	1	6	9	2	2	12	6	9	1	4	6	1	4	12	1	8	18	1	7	12	1	1	12	1	6	9	1	5	18	1	7	6	1	3	15	1	4	9	1	6	15	1	3	12	
21	1	4	12	1	8	9	1	3	18	1	1	6	1	1	9	1	4	15	1	4	6	2	7	15	8	6	1	6	12	2	3	6	6	12	3	4	6	5	12	7	18	1	6	9	1	2	6	2	1	18	6	18	1	2	6	1	1	6	1	4	9	1	8	15	1	8	12	1	6	12	4	1	15	5	6	7	15	8	12	
16	1	1	18	1	2	15	1	1	6	1	2	12	1	1	9	1	6	6	2	2	18	4	15	3	1	12	3	9	5	9	1	4	12	1	3	9	1	4	9	1	1	15	1	3	9	1	1	6	1	7	12	1	3	9	
16	1	4	18	3	1	15	5	6	6	15	1	7	12	1	8	6	1	4	12	1	2	9	1	8	18	1	6	9	1	1	6	2	1	18	6	6	1	6	12	1	5	9	1	3	12	1	2	6	1	4	9	1	5	15	
25	1	4	15	1	7	12	1	5	6	1	2	15	1	6	6	1	3	9	1	2	12	1	7	15	1	5	12	2	2	12	6	18	2	1	6	3	6	1	8	15	1	2	15	1	2	6	2	6	15	8	6	1	2	15	1	3	15	1	7	9	1	5	12	1	1	18	1	6	9	1	3	12	1	2	15	1	3	18	1	7	18	
