10	6	1	
6	6	1	18	2	12	3	15	4	6	5	6	6	9	2	3	18	6	18	6	1	15	2	15	3	18	4	12	5	9	6	12	1	2	18	2	5	18	6	18	3	2	6	3	15	5	9	
6	5	1	9	2	12	4	6	5	9	6	6	2	5	6	6	9	1	5	18	2	2	6	3	18	3	2	9	3	9	5	9	6	1	15	2	6	3	9	4	9	5	18	6	6	
6	6	1	18	2	12	3	15	4	12	5	6	6	6	6	1	18	2	9	3	18	4	12	5	12	6	18	3	2	9	3	9	5	9	5	1	18	2	9	3	6	5	18	6	12	6	1	9	2	15	3	12	4	6	5	9	6	12	5	1	9	3	6	4	15	5	12	6	9	
6	5	1	18	2	9	3	9	5	15	6	6	5	1	9	2	6	4	12	5	18	6	12	1	2	6	6	1	12	2	12	3	6	4	6	5	18	6	9	5	1	12	2	9	4	12	5	15	6	9	6	1	9	2	15	3	18	4	6	5	9	6	15	
6	6	1	12	2	6	3	15	4	9	5	9	6	6	5	1	12	2	6	4	15	5	12	6	18	1	4	9	5	1	18	3	6	4	6	5	18	6	9	5	1	6	2	18	4	9	5	6	6	18	2	2	9	3	6	
6	5	1	18	3	12	4	12	5	9	6	6	2	3	6	6	18	5	1	12	2	15	3	18	5	6	6	9	6	1	12	2	12	3	15	4	9	5	12	6	6	1	2	9	5	1	18	2	15	4	15	5	6	6	6	
5	6	1	6	2	15	3	9	4	12	5	12	6	6	1	5	15	6	1	6	2	15	3	12	4	15	5	15	6	6	6	1	9	2	6	3	15	4	6	5	18	6	6	5	1	6	3	6	4	15	5	6	6	9	
6	2	2	12	3	6	5	1	9	2	18	3	6	5	15	6	9	6	1	18	2	15	3	15	4	15	5	6	6	9	5	1	12	3	12	4	12	5	9	6	9	5	1	6	2	12	4	6	5	18	6	6	5	1	9	2	6	4	18	5	15	6	18	
5	1	2	18	2	3	6	6	12	5	1	12	2	12	4	18	5	18	6	15	5	1	18	2	15	4	9	5	9	6	6	2	2	6	3	12	
6	1	4	12	6	1	9	2	15	3	15	4	9	5	12	6	9	5	1	9	3	12	4	15	5	9	6	15	6	1	9	2	12	3	6	4	15	5	12	6	9	2	5	12	6	6	5	1	12	2	15	4	9	5	9	6	9	
