15	8	1	
8	1	1	9	2	1	15	7	12	2	3	6	6	12	2	4	6	7	18	3	1	9	3	15	8	18	3	2	6	3	9	4	15	2	5	18	6	15	2	4	6	6	15	
7	1	6	18	2	4	6	6	6	1	1	9	2	3	18	6	15	3	2	18	3	18	4	15	1	6	12	1	7	12	
6	1	6	12	3	2	6	3	6	4	18	3	3	15	4	9	7	6	2	4	9	7	15	2	1	9	3	6	2	3	6	4	9	
5	1	7	15	1	1	12	2	1	18	7	12	2	3	18	6	12	2	4	9	5	9	
7	1	7	15	2	1	9	7	12	2	3	15	4	15	3	1	12	3	6	8	6	2	1	9	3	12	3	2	9	3	15	4	15	2	4	15	5	9	
9	1	6	6	2	3	18	4	9	3	3	15	4	12	7	6	2	4	12	6	12	2	4	9	5	12	3	1	18	3	12	8	9	2	1	12	3	9	1	6	18	2	1	18	7	15	
5	2	5	6	6	18	2	1	9	3	15	2	4	18	6	6	1	6	9	2	3	15	6	12	
6	2	4	15	5	6	2	5	12	6	18	3	2	15	3	18	4	6	1	6	15	1	6	6	2	1	15	7	6	
9	1	1	12	2	1	9	7	12	2	3	18	4	6	3	1	12	3	6	8	18	2	4	15	7	6	2	4	18	6	9	1	7	9	2	1	15	3	18	3	2	12	3	6	4	6	
5	2	5	9	6	9	1	1	18	1	7	18	2	4	6	5	9	2	1	6	7	9	
4	3	1	15	3	18	8	6	1	1	15	3	2	9	3	6	4	15	2	4	18	7	9	
6	2	4	15	7	15	1	6	6	1	1	18	2	1	9	3	12	3	1	18	3	15	8	12	1	7	12	
4	1	6	6	2	3	9	6	15	2	4	12	6	6	2	5	18	6	6	
3	2	5	18	6	12	1	6	6	2	4	15	7	12	
6	2	4	6	5	6	1	7	18	3	1	15	3	9	8	9	3	2	15	3	6	4	18	3	3	18	4	15	7	18	1	1	6	
