20	5	1	
5	2	1	6	2	12	2	1	6	3	18	1	2	9	1	4	12	5	1	15	2	12	3	9	4	12	5	15	
5	2	1	6	5	9	5	1	12	2	15	3	12	4	18	5	15	2	1	6	2	18	3	1	6	2	12	5	6	3	1	15	3	18	5	15	
5	5	1	12	2	6	3	6	4	12	5	9	1	4	18	2	3	12	4	9	1	2	12	3	3	9	4	6	5	9	
5	2	1	15	2	12	4	2	15	3	18	4	9	5	15	4	1	6	2	15	3	6	5	12	5	1	9	2	15	3	18	4	6	5	15	2	1	15	3	6	
5	3	1	12	3	6	5	12	2	1	18	3	6	5	1	18	2	9	3	18	4	6	5	9	3	3	9	4	12	5	6	1	4	12	
5	5	1	18	2	15	3	18	4	12	5	6	2	1	12	3	6	2	1	6	5	6	2	1	15	2	18	2	1	12	2	9	
5	1	4	15	2	1	12	5	12	2	1	6	2	12	3	1	9	3	6	5	18	4	2	15	3	6	4	9	5	9	
5	4	2	12	3	12	4	18	5	6	3	1	18	3	15	4	12	4	2	6	3	15	4	18	5	9	1	2	15	2	1	15	2	6	
5	5	1	9	2	12	3	12	4	9	5	9	4	2	9	3	18	4	12	5	6	3	1	15	2	18	5	15	4	2	15	3	6	4	12	5	9	2	1	18	5	12	
5	2	1	6	5	15	4	2	12	3	9	4	18	5	15	2	1	18	3	6	1	4	12	5	1	15	2	6	3	18	4	6	5	6	
5	1	4	9	3	1	9	2	12	5	9	5	1	18	2	9	3	15	4	18	5	6	2	1	6	5	6	2	1	9	5	15	
5	3	3	18	4	9	5	12	4	2	9	3	9	4	15	5	6	2	1	6	3	6	5	1	12	2	18	3	6	4	18	5	15	5	1	12	2	12	3	12	4	9	5	15	
5	2	1	18	5	12	1	4	12	4	2	9	3	15	4	18	5	15	3	1	6	3	15	4	6	3	1	12	2	18	5	6	
5	2	3	15	5	15	3	1	6	3	12	4	9	4	2	15	3	15	4	15	5	9	2	1	15	3	12	5	1	6	2	6	3	18	4	6	5	6	
5	5	1	12	2	12	3	15	4	15	5	18	2	3	12	5	12	3	3	15	4	18	5	18	5	1	12	2	9	3	6	4	9	5	15	2	1	15	5	9	
5	5	1	15	2	9	3	6	4	9	5	15	2	3	9	4	9	1	2	12	2	1	9	5	9	1	4	12	
5	5	1	18	2	12	3	12	4	9	5	15	4	2	12	3	9	4	12	5	12	3	1	15	3	18	4	15	2	1	18	3	6	5	1	9	2	15	3	18	4	18	5	9	
5	1	2	12	3	1	15	2	18	5	18	2	3	9	5	9	2	1	12	3	12	2	1	6	5	9	
5	3	1	9	3	6	5	15	4	2	9	3	12	4	9	5	18	4	1	12	2	15	3	6	5	12	1	4	9	2	1	15	5	6	
5	1	4	6	2	1	12	2	12	1	4	15	2	1	18	5	9	5	1	9	2	15	3	15	4	18	5	12	
