20	10	1	
15	3	4	18	7	18	8	15	1	10	12	1	5	15	1	8	9	1	6	15	3	4	18	8	15	9	12	1	9	12	1	9	6	1	2	6	1	7	6	1	3	15	2	2	15	9	6	3	2	6	3	12	7	12	1	2	18	1	1	6	
20	1	4	9	2	3	18	10	18	1	9	15	1	10	12	1	8	18	3	1	9	9	9	10	6	1	1	18	1	6	9	2	3	15	5	9	3	4	15	7	12	10	12	3	1	6	4	18	10	12	1	10	6	2	5	12	10	6	1	6	6	1	10	12	1	7	15	2	2	15	10	18	1	4	9	3	3	9	6	6	8	9	3	1	9	4	9	6	12	
23	1	1	12	1	4	9	1	4	9	1	5	12	1	10	6	1	8	12	1	5	15	1	10	6	1	7	18	1	6	12	2	2	18	5	15	1	1	18	2	3	18	4	9	2	2	9	5	15	1	4	15	2	3	6	7	9	1	10	6	1	2	9	3	4	9	7	18	9	6	2	2	18	4	18	1	5	9	1	10	9	1	5	12	
18	2	8	18	9	15	1	3	6	1	2	18	1	6	18	1	4	6	1	10	6	2	1	15	4	6	2	1	9	8	9	1	1	12	1	1	18	1	3	12	1	7	15	1	2	15	3	4	6	6	9	8	18	1	7	15	2	3	18	7	6	3	1	9	6	6	7	12	2	3	9	9	6	
21	1	3	18	1	6	12	1	2	18	1	5	18	1	4	9	1	9	12	1	4	18	1	2	9	1	4	15	1	9	9	1	5	15	1	8	9	2	2	15	8	6	1	7	15	1	2	12	2	8	12	9	18	1	3	18	1	10	12	2	9	15	10	9	1	6	12	1	6	9	
15	1	10	15	1	6	15	1	8	12	1	5	12	1	10	12	1	5	12	1	2	18	1	10	18	1	10	9	1	5	15	1	6	18	1	9	9	1	10	18	1	6	15	1	5	12	
17	1	3	15	3	4	6	6	6	10	18	4	7	12	8	18	9	6	10	6	2	1	6	4	9	2	1	12	6	18	1	8	6	1	10	9	1	7	12	1	4	12	1	2	18	2	7	18	9	9	1	8	9	1	8	9	1	5	15	1	2	9	3	2	12	8	9	10	6	1	3	9	
25	1	5	15	1	3	15	1	10	9	2	2	15	7	9	1	6	12	2	6	6	10	12	1	10	18	3	6	9	8	12	9	15	2	5	12	6	9	1	10	18	2	3	12	4	18	1	8	18	1	2	6	1	1	15	2	1	18	4	18	1	2	12	1	6	9	1	7	6	1	1	9	2	1	15	4	9	1	1	6	1	10	12	1	7	9	1	1	12	1	6	18	
23	1	2	12	2	3	18	7	6	1	3	6	1	1	15	1	1	18	1	9	9	1	8	15	1	6	9	1	2	9	1	6	18	1	6	12	1	3	6	1	6	18	1	2	18	1	10	15	1	9	6	1	5	15	1	1	15	2	2	12	3	6	2	5	9	8	9	3	4	9	5	9	7	9	2	4	9	8	6	2	5	6	10	6	
19	1	2	18	1	9	15	1	3	15	1	4	15	1	7	15	4	3	12	7	12	9	9	10	15	1	1	9	1	7	9	1	7	6	1	2	18	2	6	15	10	15	3	2	12	7	12	9	18	2	1	15	8	6	1	3	15	2	4	18	9	6	1	4	15	1	3	12	1	2	9	1	4	18	
19	1	9	12	2	3	15	4	9	1	4	15	2	2	6	6	9	1	2	15	1	6	9	1	10	12	3	3	15	4	6	9	9	1	4	15	1	4	12	1	8	12	1	6	18	1	6	15	1	4	18	1	9	18	1	1	12	1	2	6	1	7	9	1	3	18	
21	1	8	9	2	6	9	10	18	2	3	12	5	6	1	4	18	1	9	6	1	1	9	2	2	6	4	18	1	3	18	1	5	18	1	6	12	1	9	9	1	9	18	1	1	9	1	7	12	4	2	9	4	9	5	6	6	9	1	8	18	1	2	9	1	7	6	1	9	18	1	4	6	1	10	9	
16	1	9	6	2	2	12	7	9	2	1	15	4	15	1	8	18	1	3	6	1	7	6	1	6	18	1	1	18	2	2	9	5	15	1	5	6	1	1	18	1	8	15	1	8	15	1	6	12	1	5	15	3	4	12	8	12	9	18	
16	1	3	6	3	3	9	8	15	9	12	1	5	15	1	5	6	1	8	18	1	1	12	1	6	15	1	2	12	1	9	12	1	2	6	1	8	18	1	10	15	1	4	9	1	3	15	1	4	15	2	3	6	6	12	
25	1	10	15	1	2	15	2	4	12	8	6	3	1	9	6	12	7	9	4	1	15	4	18	7	18	9	15	1	10	12	1	1	6	1	7	18	1	8	15	1	9	18	2	2	18	9	6	1	3	18	1	8	18	1	4	9	1	8	12	2	1	15	5	9	1	4	15	2	1	6	4	6	1	2	12	1	10	15	1	8	15	1	9	6	1	1	9	1	6	18	1	8	15	
17	1	6	9	1	1	18	3	1	6	3	9	5	6	1	4	18	1	8	12	1	4	18	1	10	12	1	8	15	1	3	9	1	5	18	2	4	6	8	15	1	6	12	1	8	9	2	6	6	7	15	1	3	12	1	10	15	2	2	18	7	15	
21	1	5	12	1	1	15	1	8	9	1	8	6	2	2	18	3	6	1	3	6	2	1	18	6	15	1	2	18	1	1	15	1	8	12	1	6	18	1	9	9	2	1	15	6	15	2	2	6	8	18	1	9	12	1	7	9	1	2	12	1	1	18	1	8	18	2	3	9	6	18	1	8	15	
17	2	4	12	8	6	3	5	15	8	6	10	18	1	6	12	1	3	15	2	1	15	7	6	2	6	15	8	12	1	9	6	1	3	9	3	3	12	4	9	8	12	1	4	12	1	6	15	2	5	9	6	12	1	8	12	2	1	15	6	18	1	2	15	1	3	15	1	8	15	
23	1	7	6	1	4	18	1	7	15	1	9	18	1	1	18	1	8	18	2	6	18	7	9	1	2	9	1	2	18	2	8	12	10	18	3	4	18	6	15	10	18	2	2	6	9	18	2	2	9	6	12	1	4	18	1	1	15	1	2	6	1	2	18	1	6	12	2	2	12	7	15	1	5	12	1	3	15	1	1	15	2	1	15	10	6	
16	2	3	12	4	9	1	1	9	1	6	12	1	2	6	2	3	6	7	18	1	1	18	1	8	18	1	1	18	2	4	9	6	15	1	6	18	1	9	6	1	7	12	1	8	9	2	3	15	7	12	1	1	18	1	9	9	
