15	8	1	
10	4	4	6	5	6	7	6	8	15	2	3	15	4	6	4	3	15	6	18	7	15	8	6	4	2	6	3	12	5	6	7	9	2	5	9	6	18	3	4	9	5	12	8	9	1	5	15	1	1	15	5	1	15	2	9	3	12	5	6	8	6	3	6	12	7	9	8	6	
10	4	3	15	6	9	7	12	8	9	1	1	18	2	2	6	4	12	5	1	6	2	15	3	12	5	18	8	15	5	1	9	2	12	3	15	4	15	6	6	2	6	15	7	18	4	4	15	5	15	7	6	8	9	4	2	6	3	15	5	6	7	9	4	1	6	4	18	6	6	8	15	3	6	18	7	9	8	18	
10	2	3	6	5	18	4	2	12	3	6	5	15	7	15	2	3	15	4	15	2	5	9	6	18	4	1	12	4	12	6	12	8	6	3	6	12	7	9	8	6	5	1	12	2	15	3	6	4	9	6	15	3	4	12	5	6	8	9	1	1	6	2	2	15	4	9	
10	2	3	15	4	15	2	3	9	5	12	5	1	12	2	12	3	18	4	18	6	9	4	1	12	4	18	6	15	8	9	2	6	6	7	9	4	2	18	3	12	5	9	7	12	1	5	12	4	3	15	6	6	7	18	8	9	1	1	18	2	5	12	6	12	
10	2	6	12	7	15	3	6	12	7	15	8	9	1	5	18	4	4	18	5	12	7	9	8	6	5	1	9	2	15	3	15	4	15	6	9	4	2	6	3	15	5	15	7	6	3	4	15	5	15	8	15	2	5	18	6	12	2	3	12	5	12	5	1	6	2	15	3	9	5	15	8	18	
10	2	2	18	4	9	2	6	9	7	6	2	3	18	4	12	4	3	12	6	12	7	9	8	9	5	1	15	2	12	3	6	4	6	6	15	5	1	9	2	15	3	12	5	15	8	15	4	1	12	4	9	6	9	8	15	4	4	12	5	6	7	12	8	12	2	5	12	6	6	2	3	9	5	9	
10	5	1	15	2	15	3	9	5	6	8	6	4	1	9	4	6	6	18	8	15	2	2	12	4	6	1	1	12	2	6	18	7	9	4	2	12	3	12	5	15	7	18	1	5	9	5	1	9	2	18	3	15	4	12	6	9	2	3	9	4	15	3	6	12	7	12	8	6	
10	3	6	15	7	9	8	18	1	1	6	4	4	15	5	12	7	18	8	18	2	6	15	7	18	5	1	18	2	12	3	18	5	9	8	15	4	1	18	4	12	6	18	8	15	5	1	6	2	15	3	6	4	18	6	6	2	2	9	4	18	2	3	12	4	12	2	3	15	5	18	
10	1	1	9	5	1	9	2	18	3	12	5	6	8	9	4	3	18	6	6	7	15	8	18	3	6	6	7	18	8	9	2	6	15	7	6	4	1	9	4	18	6	12	8	6	1	5	12	2	2	12	4	15	5	1	18	2	15	3	12	4	12	6	18	4	4	9	5	12	7	6	8	15	
10	1	1	9	2	6	9	7	6	3	4	12	5	6	8	6	5	1	18	2	6	3	6	4	6	6	15	4	1	18	4	6	6	15	8	18	2	3	6	4	6	2	5	18	6	12	3	6	18	7	18	8	6	4	3	6	6	18	7	9	8	6	5	1	18	2	12	3	12	5	18	8	6	
10	2	2	15	4	6	3	6	18	7	18	8	12	4	3	9	6	18	7	12	8	15	2	3	9	4	9	2	5	6	6	12	1	1	12	2	3	15	5	15	3	4	15	5	9	8	12	5	1	12	2	9	3	15	5	15	8	12	5	1	6	2	6	3	9	4	18	6	15	
10	4	1	15	4	12	6	18	8	18	3	4	9	5	15	8	12	4	3	6	6	9	7	9	8	12	1	1	9	5	1	6	2	15	3	12	4	15	6	12	3	6	18	7	9	8	9	1	5	9	2	3	18	5	6	4	4	18	5	18	7	12	8	18	2	2	15	4	15	
10	5	1	15	2	18	3	18	5	15	8	6	1	5	6	2	3	9	4	9	4	2	12	3	9	5	6	7	12	2	6	12	7	9	4	3	18	6	12	7	9	8	6	4	4	12	5	12	7	9	8	6	5	1	15	2	9	3	9	4	12	6	15	2	5	18	6	12	4	1	12	4	12	6	15	8	9	
10	4	3	18	6	15	7	6	8	6	3	4	15	5	18	8	9	2	2	15	4	18	4	2	18	3	12	5	15	7	9	2	5	6	6	9	2	3	6	4	18	2	6	12	7	15	1	5	15	5	1	12	2	12	3	18	4	12	6	12	1	1	9	
10	5	1	9	2	15	3	15	5	12	8	18	2	5	6	6	18	2	6	15	7	6	4	4	18	5	18	7	9	8	12	4	3	9	6	9	7	12	8	18	1	1	12	5	1	18	2	9	3	18	4	6	6	15	3	4	9	5	9	8	15	2	3	18	4	12	4	2	18	3	12	5	12	7	12	
